659 99
523 99
659 199
523 199
659 99
523 99
523 99
659 99
783 199
493 199
391 199
246 199
523 199
391 199
329 199
440 199
493 199
466 99
440 99
391 132
659 132
783 132
880 199
698 99
783 99
659 199
523 99
587 99
493 99
523 199
391 199
329 199
440 199
493 199
466 99
440 99
391 132
659 132
783 132
880 199
698 99
783 99
659 199
523 99
587 99
493 99
261 99
783 99
739 99
698 99
622 99
659 99
523 99
415 99
440 99
523 99
440 99
523 99
587 99
261 99
783 99
739 99
698 99
622 99
659 99
523 99
1046 99
659 99
1046 99
659 99
1046 99
659 99
391 99
261 99
783 99
739 99
698 99
622 99
659 99
523 99
415 99
440 99
523 99
440 99
523 99
587 99
622 99
415 99
587 99
391 99
523 99
329 99
391 99
391 99
261 99
261 99
783 99
739 99
698 99
622 99
659 99
523 99
415 99
440 99
523 99
440 99
523 99
587 99
261 99
783 99
739 99
698 99
622 99
659 99
523 99
1046 99
659 99
1046 99
659 99
1046 99
659 99
391 99
261 99
783 99
739 99
698 99
622 99
659 99
523 99
415 99
440 99
523 99
440 99
523 99
587 99
622 99
415 99
587 99
391 99
523 99
329 99
391 99
391 99
261 99
523 99
329 99
523 99
523 99
523 99
587 99
659 99
523 99
440 99
391 99
261 99
523 99
329 99
523 99
523 99
523 99
587 99
659 99
391 99
261 99
261 99
523 99
329 99
523 99
523 99
523 99
587 99
659 99
523 99
440 99
391 99
261 99
659 99
523 99
659 99
523 99
659 99
523 99
523 99
659 99
783 199
493 199
391 199
246 199
523 199
391 199
329 199
440 199
493 199
466 99
440 99
391 132
659 132
783 132
880 199
698 99
783 99
659 199
523 99
587 99
493 99
523 199
391 199
329 199
440 199
493 199
466 99
440 99
391 132
659 132
783 132
880 199
698 99
783 99
659 199
523 99
587 99
493 99
659 99
523 99
391 199
415 199
440 99
698 99
698 99
440 99
261 99
493 132
391 132
880 132
698 132
880 132
698 132
880 132
698 132
783 132
493 132
698 132
659 99
523 99
440 99
391 99
261 99
659 99
523 99
391 199
415 199
440 99
698 99
698 99
440 99
261 99
493 99
391 99
698 99
440 99
698 99
440 99
698 132
440 132
659 132
391 132
587 132
349 132
523 99
329 99
391 99
391 99
261 199
659 99
523 99
391 199
415 199
440 99
698 99
698 99
440 99
261 99
493 132
391 132
880 132
698 132
880 132
698 132
880 132
698 132
783 132
493 132
698 132
659 99
523 99
440 99
391 99
261 99
659 99
523 99
391 199
415 199
440 99
698 99
698 99
440 99
261 99
493 99
391 99
698 99
440 99
698 99
440 99
698 132
440 132
659 132
391 132
587 132
349 132
523 99
329 99
391 99
391 99
261 199
523 99
329 99
523 99
523 99
523 99
587 99
659 99
523 99
440 99
391 99
261 99
523 99
329 99
523 99
523 99
523 99
587 99
659 99
391 99
261 99
261 99
523 99
329 99
523 99
523 99
523 99
587 99
659 99
523 99
440 99
391 99
261 99
659 99
523 99
659 99
523 99
659 99
523 99
523 99
659 99
783 199
493 199
391 199
246 199
659 99
523 99
391 199
415 199
440 99
698 99
698 99
440 99
261 99
493 132
391 132
880 132
698 132
880 132
698 132
880 132
698 132
783 132
493 132
698 132
659 99
523 99
440 99
391 99
261 99
659 99
523 99
391 199
415 199
440 99
698 99
698 99
440 99
261 99
493 99
391 99
698 99
440 99
698 99
440 99
698 132
440 132
659 132
391 132
587 132
349 132
523 99
329 99
391 99
391 99
261 199
